62 1508
86 2328
78 2006
37 792
44 980
50 1123
42 925
55 1323
34 700
66 1649
52 1226
2 1
21 356
52 1185
61 1471
75 1942
40 848
24 435
60 1449
15 219
72 1845
19 323
99 2726
38 803
89 2348
70 1774
53 1260
72 1784
89 2374
47 1056
57 1358
51 1186
22 388
84 2210
20 334
98 2682
29 545
65 1639
59 1423
37 808
93 2563
86 2317
35 708
98 2749
94 2566
89 2430
15 220
59 1424
31 591
31 607
78 2076
35 746
20 311
52 1194
36 746
46 1002
27 498
92 2492
67 1689
31 606
39 852
75 1911
81 2121
3 10
24 425
67 1665
61 1491
85 2241
80 2113
46 1000
46 999
55 1292
10 108
16 248
98 2737
99 2690
25 470
41 887
94 2584
47 1080
48 1098
61 1487
22 361
59 1408
17 249
2 4
28 517
54 1248
62 1525
46 1052
78 2019
93 2523
47 1052
75 1960
70 1795
9 115
71 1801
94 2549
68 1724
84 2235
68 1699
89 2438
77 2048
65 1582
28 532
11 148
13 165
19 325
85 2293
37 772
94 2573
51 1217
45 1024
38 813
71 1798
79 2072
55 1309
86 2314
66 1723
27 485
61 1473
85 2269
11 143
34 690
39 825
11 134
73 1875
11 137
8 77
57 1356
6 40
16 242
62 1500
10 119
65 1582
98 2689
35 714
7 67
91 2390
21 330
65 1581
5 38
27 499
29 581
63 1556
89 2420
96 2639
92 2431
36 740
3 9
57 1375
31 605
60 1491
18 287
78 2031
54 1259
36 748
26 486
84 2242
7 73
35 704
77 1985
25 467
91 2453
29 549
17 266
3 9
94 2604
82 2138
17 276
74 1898
64 1570
54 1278
6 47
67 1699
51 1182
44 981
22 367
8 82
40 864
74 1863
68 1741
54 1286
84 2225
28 527
66 1627
53 1218
54 1228
50 1162
16 242
64 1569
92 2493
75 1878
36 743
20 325
42 946
68 1678
28 535
4 25
88 2387
95 2585
96 2660
78 2015
62 1512
3 7
26 472
68 1698
87 2320
63 1551
79 2053
85 2288
79 2037
17 256
17 252
82 2168
18 272
30 566
40 851
47 1011
59 1400
36 756
84 2211
71 1789
93 2507
42 916
26 483
99 2697
22 380
2 3
30 582
82 2158
8 84
57 1338
82 2162
31 610
10 99
36 736
62 1542
81 2147
98 2716
65 1609
49 1082
83 2200
58 1376
8 75
55 1315
10 114
49 1097
39 816
55 1308
79 2070
51 1186
4 31
51 1197
19 302
5 39
30 569
45 1022
16 233
17 259
52 1207
79 2051
30 562
10 117
32 645
65 1619
11 139
16 223
96 2664
4 21
34 701
21 366
56 1370
82 2166
15 229
10 121
84 2242
99 2692
25 464
94 2538
90 2434
53 1236
81 2159
8 80
59 1471
95 2590
4 26
36 723
41 919
49 1133
30 601
35 712
75 1934
51 1163
90 2464
63 1554
84 2255
16 242
22 382
86 2290
66 1658
47 1071
62 1580
29 557
77 1971
94 2561
99 2786
62 1523
67 1680
47 1086
92 2521
30 583
84 2246
73 1859
94 2540
51 1170
89 2414
63 1524
53 1237
79 2054
3 9
75 1932
45 1017
56 1320
96 2595
85 2259
51 1205
97 2693
43 956
31 626
29 569
97 2688
65 1603
26 475
40 873
53 1244
52 1177
90 2461
75 1985
20 337
32 631
31 623
46 1036
97 2687
86 2290
72 1801
88 2362
39 817
98 2752
6 39
50 1175
17 258
67 1684
74 1935
18 285
60 1434
52 1196
24 426
7 58
59 1432
55 1300
79 2107
20 322
35 731
61 1477
49 1124
90 2464
65 1605
40 821
85 2349
27 503
96 2684
89 2402
56 1315
77 1983
17 257
81 2174
29 579
40 858
94 2637
22 376
6 46
99 2709
35 706
86 2279
64 1567
83 2203
30 599
77 1964
62 1548
39 810
24 413
73 1870
7 68
18 271
98 2703
31 601
69 1762
33 675
82 2166
39 803
11 142
18 272
61 1454
90 2383
41 893
94 2548
39 861
69 1743
35 695
6 46
97 2692
94 2568
61 1493
47 1068
15 207
12 154
70 1795
21 369
7 67
42 872
62 1500
5 38
81 2120
80 2126
30 584
21 360
48 1093
17 252
95 2603
55 1305
61 1502
69 1744
59 1393
25 468
31 603
6 39
50 1162
17 260
26 474
63 1539
86 2350
57 1359
48 1095
81 2149
98 2674
44 964
50 1167
29 543
50 1114
34 681
42 901
70 1779
69 1722
31 609
82 2160
6 53
66 1632
14 200
16 230
90 2414
96 2638
26 467
98 2689
6 46
31 607
32 627
66 1632
13 181
69 1777
48 1094
37 770
35 720
15 208
19 312
82 2212
90 2426
93 2519
56 1335
39 854
2 3
74 1926
26 455
43 923
97 2642
6 42
74 1893
71 1802
34 702
51 1207
67 1672
36 755
63 1548
68 1715
45 983
40 860
64 1523
86 2270
91 2444
5 36
63 1516
71 1824
40 829
20 351
41 911
55 1272
62 1511
21 372
65 1655
7 67
95 2622
27 488
27 502
8 85
14 205
95 2590
32 640
38 792
35 721
25 443
83 2190
75 1919
54 1272
93 2502
86 2298
98 2711
84 2194
16 232
92 2512
67 1696
50 1139
40 826
58 1387
11 136
27 512
75 1970
65 1614
68 1705
68 1720
82 2176
1 0
21 355
12 153
43 940
80 2066
5 37
16 240
70 1721
89 2376
54 1280
67 1651
95 2622
2 3
21 349
99 2750
4 23
53 1238
56 1357
86 2308
91 2465
61 1491
56 1323
11 146
58 1380
6 43
86 2318
46 1055
14 191
41 895
61 1517
43 966
81 2171
4 20
38 795
92 2563
98 2655
29 549
71 1824
32 629
26 501
47 1065
20 348
34 703
71 1836
12 152
80 2072
10 108
19 305
56 1326
16 245
22 387
71 1816
72 1826
16 251
18 275
36 741
83 2199
97 2715
2 2
41 880
34 684
46 1033
15 203
92 2552
39 810
31 583
25 494
71 1776
38 786
68 1742
41 868
8 78
75 1923
14 208
11 136
80 2076
94 2578
3 8
89 2376
77 1974
92 2448
31 629
59 1409
3 7
86 2320
89 2408
97 2725
53 1198
96 2591
84 2227
84 2228
84 2219
47 1100
46 1021
7 72
83 2172
83 2149
74 1908
11 136
47 1052
70 1759
69 1738
27 476
80 2141
34 685
35 705
50 1145
50 1181
71 1758
25 459
30 593
19 293
43 945
98 2689
2 1
44 986
34 687
95 2653
31 615
92 2502
3 10
60 1460
24 448
38 792
39 812
42 916
44 944
39 845
86 2269
94 2595
80 2120
66 1625
17 255
47 1042
10 113
15 221
59 1448
36 759
62 1536
96 2601
48 1081
84 2225
1 0
8 80
27 495
9 86
25 471
99 2767
54 1285
19 330
49 1123
91 2424
42 915
54 1235
42 917
10 131
13 167
94 2502
18 287
89 2347
60 1482
38 819
33 648
99 2785
94 2589
83 2179
89 2425
17 253
44 948
26 485
16 249
23 396
84 2166
27 511
98 2722
34 706
74 1939
44 930
8 97
60 1446
15 234
25 460
13 164
29 531
13 170
98 2689
56 1322
19 301
46 1020
78 2052
55 1285
38 792
2 4
99 2758
57 1353
31 620
75 1945
57 1335
7 60
48 1072
39 825
12 169
40 823
43 902
91 2452
53 1215
85 2272
11 130
68 1702
58 1358
74 1958
11 134
51 1190
79 2025
18 264
99 2717
50 1127
92 2492
32 624
48 1099
18 291
19 318
41 877
13 175
60 1472
56 1344
36 733
84 2209
64 1552
2 2
15 228
37 759
24 413
14 197
30 560
92 2497
14 196
49 1150
22 391
43 924
31 615
18 274
84 2233
10 118
52 1242
77 2019
84 2244
59 1457
8 78
58 1366
93 2534
5 40
84 2216
84 2238
77 1965
31 628
84 2191
18 276
52 1234
8 90
19 308
25 470
20 321
42 920
14 198
93 2490
52 1223
14 190
30 591
41 885
61 1514
7 67
30 605
34 700
77 1988
49 1101
87 2329
44 955
5 39
91 2477
68 1716
94 2570
45 986
40 860
41 945
6 46
29 575
77 2026
37 783
64 1590
43 948
27 488
47 1055
37 741
44 1013
13 178
77 2042
75 1899
31 622
64 1571
36 760
5 43
37 762
72 1845
45 1019
14 198
75 1918
73 1861
39 822
44 989
27 497
65 1628
74 1905
81 2130
4 31
25 457
94 2499
64 1589
17 276
88 2417
49 1110
43 925
23 393
12 151
66 1621
96 2638
37 770
77 1979
28 554
72 1811
3 9
56 1314
98 2731
93 2540
78 2003
10 103
86 2314
49 1125
54 1236
99 2777
71 1775
67 1671
88 2390
65 1635
73 1889
65 1602
28 540
3 9
85 2237
34 669
51 1185
77 2038
2 4
69 1774
47 1035
14 196
60 1472
42 906
64 1554
50 1163
13 170
87 2355
93 2556
13 184
65 1589
26 463
24 426
21 367
71 1798
4 26
69 1745
83 2204
44 986
15 211
30 576
91 2489
48 1071
91 2444
58 1379
15 220
29 557
63 1549
8 80
94 2513
52 1237
77 2007
28 545
62 1500
91 2447
85 2252
5 34
9 106
93 2523
16 234
41 890
7 70
12 180
62 1495
23 418
89 2392
96 2621
27 514
1 0
75 1922
18 298
91 2482
74 1907
62 1523
56 1326
49 1111
67 1676
63 1518
85 2284
37 771
70 1772
33 643
15 216
29 538
34 704
7 59
72 1850
46 1016
1 0
47 1062
12 146
47 1020
68 1683
94 2545
52 1193
58 1424
12 167
2 4
69 1714
62 1520
25 460
42 920
76 1978
94 2595
26 474
71 1796
82 2162
76 1946
48 1108
73 1823
47 1051
86 2312
59 1414
33 645
96 2585
13 172
5 38
41 900
38 792
91 2454
43 929
30 591
27 515
53 1245
7 64
72 1823
