62 3311
86 4896
78 4278
37 1787
44 2154
50 2492
42 2033
55 2890
34 1575
66 3488
52 2613
2 15
21 854
52 2660
61 3195
75 4052
40 1940
24 978
60 3130
15 521
72 3956
19 773
99 5863
38 1802
89 5127
70 3877
53 2655
72 3979
89 5113
47 2362
57 3006
51 2514
22 853
84 4845
20 818
98 5707
29 1311
65 3520
59 3068
37 1744
93 5305
86 4796
35 1603
98 5691
94 5422
89 5156
15 576
59 3082
31 1380
31 1416
78 4587
35 1647
20 782
52 2660
36 1692
46 2241
27 1154
92 5305
67 3596
31 1419
39 1861
75 4100
81 4447
3 47
24 1036
67 3630
61 3266
85 4852
80 4506
46 2325
46 2214
55 2860
10 280
16 597
98 5844
99 5749
25 1064
41 2004
94 5438
47 2343
48 2376
61 3189
22 860
59 3173
17 649
2 15
28 1218
54 2812
62 3305
46 2335
78 4442
93 5358
47 2411
75 4176
70 3835
9 264
71 3849
94 5325
68 3770
84 4744
68 3686
89 5110
77 4247
65 3481
28 1194
11 361
13 445
19 726
85 4913
37 1763
94 5492
51 2529
45 2155
38 1799
71 3955
79 4491
55 2857
86 4982
66 3495
27 1162
61 3225
85 4936
11 351
34 1666
39 1877
11 364
73 4029
11 358
8 223
57 2965
6 154
16 615
62 3289
10 314
65 3458
98 5714
35 1568
7 175
91 5248
21 821
65 3486
5 107
27 1145
29 1294
63 3302
89 4975
96 5455
92 5328
36 1736
3 40
57 2964
31 1337
60 3070
18 697
78 4328
54 2757
36 1638
26 1101
84 4729
7 178
35 1595
77 4281
25 1029
91 5188
29 1231
17 643
3 47
94 5652
82 4589
17 638
74 4111
64 3538
54 2746
6 170
67 3664
51 2610
44 2156
22 850
8 221
40 1940
74 4022
68 3701
54 2836
84 4788
28 1297
66 3494
53 2719
54 2804
50 2539
16 612
64 3443
92 5453
75 4156
36 1728
20 837
42 1996
68 3633
28 1167
4 62
88 4966
95 5511
96 5533
78 4448
62 3292
3 52
26 1079
68 3640
87 4968
63 3347
79 4300
85 4693
79 4438
17 642
17 576
82 4661
18 720
30 1343
40 1933
47 2329
59 3085
36 1704
84 4833
71 3918
93 5504
42 2076
26 1114
99 5755
22 879
2 15
30 1328
82 4762
8 216
57 2958
82 4637
31 1398
10 339
36 1702
62 3285
81 4425
98 5760
65 3551
49 2456
83 4698
58 3116
8 216
55 2848
10 292
49 2501
39 1928
55 2864
79 4484
51 2609
4 67
51 2540
19 765
5 110
30 1320
45 2253
16 592
17 670
52 2538
79 4584
30 1301
10 343
32 1540
65 3609
11 373
16 529
96 5522
4 61
34 1522
21 793
56 2886
82 4452
15 541
10 307
84 4659
99 5812
25 1062
94 5431
90 5182
53 2844
81 4654
8 204
59 3049
95 5521
4 61
36 1724
41 1968
49 2433
30 1308
35 1558
75 4154
51 2610
90 5189
63 3302
84 4803
16 585
22 897
86 4871
66 3533
47 2324
62 3260
29 1290
77 4339
94 5319
99 5778
62 3336
67 3596
47 2401
92 5344
30 1226
84 4716
73 4036
94 5463
51 2622
89 5094
63 3268
53 2747
79 4379
3 42
75 4203
45 2206
56 2882
96 5557
85 4762
51 2607
97 5613
43 2038
31 1440
29 1245
97 5670
65 3365
26 1077
40 2019
53 2677
52 2647
90 5348
75 4259
20 757
32 1419
31 1358
46 2254
97 5678
86 4955
72 3903
88 4958
39 1772
98 5618
6 165
50 2467
17 655
67 3599
74 4061
18 704
60 3231
52 2714
24 965
7 190
59 3220
55 2846
79 4377
20 817
35 1670
61 3230
49 2440
90 5188
65 3491
40 1889
85 4900
27 1139
96 5679
89 5132
56 2864
77 4214
17 614
81 4531
29 1234
40 1871
94 5562
22 921
6 137
99 5805
35 1572
86 4862
64 3411
83 4605
30 1296
77 4171
62 3356
39 1893
24 1037
73 4097
7 166
18 687
98 5749
31 1458
69 3811
33 1499
82 4704
39 1853
11 386
18 690
61 3229
90 5137
41 1877
94 5422
39 1879
69 3822
35 1605
6 158
97 5719
94 5374
61 3169
47 2370
15 542
12 384
70 3877
21 833
7 188
42 1988
62 3376
5 100
81 4508
80 4506
30 1373
21 825
48 2423
17 631
95 5523
55 2872
61 3239
69 3749
59 3161
25 1082
31 1346
6 145
50 2497
17 623
26 1104
63 3396
86 5016
57 2942
48 2416
81 4571
98 5808
44 2247
50 2500
29 1230
50 2507
34 1577
42 2081
70 3856
69 3869
31 1404
82 4624
6 143
66 3594
14 453
16 601
90 5101
96 5584
26 1122
98 5827
6 148
31 1433
32 1421
66 3510
13 439
69 3682
48 2446
37 1753
35 1622
15 539
19 749
82 4734
90 5258
93 5379
56 2912
39 1859
2 15
74 4132
26 1122
43 2179
97 5782
6 138
74 4080
71 3815
34 1546
51 2558
67 3557
36 1636
63 3296
68 3671
45 2183
40 1918
64 3440
86 4969
91 5263
5 111
63 3240
71 3908
40 1934
20 779
41 1939
55 2813
62 3242
21 834
65 3517
7 179
95 5593
27 1115
27 1147
8 223
14 492
95 5569
32 1433
38 1757
35 1658
25 1071
83 4742
75 4184
54 2766
93 5418
86 4882
98 5852
84 4722
16 573
92 5175
67 3630
50 2496
40 1944
58 3100
11 356
27 1146
75 4028
65 3469
68 3783
68 3700
82 4640
1 1
21 772
12 418
43 2023
80 4560
5 111
16 565
70 3798
89 5039
54 2808
67 3555
95 5489
2 15
21 851
99 5710
4 61
53 2729
56 2923
86 4943
91 5341
61 3208
56 2901
11 374
58 3024
6 119
86 4948
46 2251
14 485
41 2000
61 3141
43 2168
81 4518
4 69
38 1819
92 5344
98 5824
29 1309
71 3933
32 1445
26 1151
47 2364
20 779
34 1597
71 3791
12 408
80 4415
10 305
19 733
56 2886
16 615
22 866
71 3911
72 3899
16 611
18 661
36 1672
83 4744
97 5704
2 15
41 1957
34 1528
46 2240
15 524
92 5224
39 1910
31 1435
25 1058
71 3853
38 1808
68 3690
41 2021
8 234
75 4093
14 501
11 333
80 4420
94 5506
3 46
89 5216
77 4231
92 5282
31 1359
59 3111
3 37
86 4822
89 5136
97 5740
53 2730
96 5534
84 4783
84 4681
84 4668
47 2308
46 2235
7 166
83 4682
83 4764
74 4103
11 362
47 2379
70 3849
69 3711
27 1149
80 4438
34 1541
35 1643
50 2572
50 2427
71 3898
25 1051
30 1299
19 739
43 2081
98 5728
2 15
44 2224
34 1601
95 5644
31 1358
92 5317
3 49
60 3179
24 1005
38 1819
39 1833
42 2040
44 2185
39 1781
86 5032
94 5506
80 4470
66 3548
17 634
47 2230
10 303
15 560
59 3135
36 1781
62 3355
96 5535
48 2460
84 4800
1 1
8 215
27 1205
9 267
25 1015
99 5796
54 2735
19 757
49 2421
91 5147
42 1961
54 2714
42 2059
10 301
13 413
94 5390
18 724
89 5073
60 3085
38 1776
33 1490
99 5842
94 5422
83 4646
89 5158
17 639
44 2186
26 1085
16 609
23 918
84 4867
27 1163
98 5693
34 1586
74 4058
44 2086
8 206
60 3129
15 541
25 1059
13 426
29 1278
13 458
98 5687
56 2869
19 725
46 2282
78 4398
55 2919
38 1839
2 15
99 5794
57 2907
31 1353
75 4097
57 2999
7 194
48 2304
39 1847
12 402
40 1956
43 2063
91 5149
53 2649
85 4707
11 358
68 3759
58 3083
74 4132
11 342
51 2729
79 4438
18 680
99 5802
50 2577
92 5196
32 1443
48 2383
18 682
19 732
41 1963
13 457
60 3259
56 2868
36 1710
84 4790
64 3394
2 15
15 540
37 1711
24 1031
14 485
30 1385
92 5393
14 489
49 2575
22 877
43 2017
31 1387
18 686
84 4775
10 313
52 2703
77 4356
84 4712
59 3178
8 243
58 3074
93 5376
5 113
84 4819
84 4701
77 4287
31 1449
84 4768
18 687
52 2640
8 214
19 730
25 1000
20 769
42 2018
14 500
93 5348
52 2722
14 481
30 1303
41 1972
61 3258
7 178
30 1335
34 1583
77 4246
49 2430
87 5000
44 2247
5 108
91 5276
68 3775
94 5477
45 2258
40 1908
41 2002
6 156
29 1274
77 4449
37 1741
64 3465
43 2092
27 1182
47 2323
37 1773
44 2183
13 458
77 4299
75 4157
31 1458
64 3413
36 1743
5 101
37 1777
72 3929
45 2196
14 481
75 4162
73 4070
39 1874
44 2206
27 1142
65 3434
74 4053
81 4517
4 60
25 1063
94 5536
64 3448
17 640
88 5108
49 2376
43 2080
23 968
12 424
66 3584
96 5621
37 1762
77 4216
28 1241
72 3841
3 47
56 2956
98 5660
93 5358
78 4388
10 285
86 4932
49 2489
54 2687
99 5854
71 3782
67 3694
88 5019
65 3565
73 4009
65 3552
28 1194
3 48
85 4873
34 1595
51 2631
77 4406
2 15
69 3717
47 2333
14 501
60 3161
42 2060
64 3332
50 2591
13 432
87 4795
93 5329
13 439
65 3451
26 1111
24 993
21 832
71 3947
4 67
69 3773
83 4723
44 2109
15 553
30 1350
91 5227
48 2393
91 5169
58 3047
15 558
29 1274
63 3404
8 225
94 5471
52 2653
77 4431
28 1209
62 3235
91 5224
85 4701
5 96
9 274
93 5343
16 610
41 2016
7 166
12 390
62 3319
23 966
89 5171
96 5561
27 1229
1 1
75 4168
18 683
91 5296
74 4116
62 3273
56 2855
49 2434
67 3578
63 3424
85 4790
37 1736
70 3870
33 1543
15 512
29 1282
34 1579
7 191
72 3991
46 2315
1 1
47 2349
12 427
47 2372
68 3666
94 5374
52 2680
58 3018
12 414
2 15
69 3792
62 3288
25 1052
42 2005
76 4249
94 5430
26 1133
71 3898
82 4638
76 4344
48 2355
73 3975
47 2430
86 4893
59 3156
33 1499
96 5652
13 446
5 111
41 2021
38 1842
91 5143
43 2104
30 1306
27 1209
53 2714
7 173
72 3932
