1 50 41 40 38 28 49 47 33 34 22 44 27 29 37 32 21 18 20 11 17 6 19 5 12 48 46 35 36 10 31 30 13 26 2 4 43 39 14 9 7 3 8 25 24 
15 
16 
23 
42 
45 
51 87 77 59 76 75 98 92 79 64 74 62 97 100 96 95 93 90 81 82 80 70 83 72 68 54 91 56 67 85 89 66 52 57 55 53 78 
58 94 
60 
61 
63 
65 
69 88 
71 139 150 143 122 114 102 128 127 124 147 
73 
84 134 
86 
99 
101 
103 
104 138 117 129 133 105 
106 123 
107 
108 131 
109 
110 
111 148 112 
113 141 145 144 125 121 140 
115 
116 149 137 
118 
119 
120 
126 130 
132 
135 
136 
142 146