        13 5                 10         2                   9 11     x     15       3   x     4 15                           10   7  
    1             12   8                 10     12                                   11       x         3     x     5           5  
          1             x                                     x       9 x         x   9               6             x   x      
    3 1       13                     3         1     11 x                           2             5 4                   1        
        4     12       x 12       11       3         2   3                     x           x             10           7       6    
  11 4     8               2       14       15               6         5                                 x         11              
  8         3       8         x                 10 1 8         14   2         13   15 5         x       13                   4      
          x                             x 5     11             8               1           8         x       14                 8
          12           11       x     x x         1   5       12                     8       x 4 7 1   12           6 x            
    x       3       13   12 x         8                                                           15 1 11     9 2           14      
    8 2 4   13     12 11 10                 8                                     x             6             5       1       x    
  x         4   3                                     7 1             12                       12       4 9                      
                1     3 5               5   8   x             15                               1                 5              
  13                 11     8     x   10                                   10     8                                               7
      7   14       14               15         6                         x           6             12                 7 14   6     1
          2 2                       12           13       12       8 4             x           6           10                      
4     9                                                       9           15         9         7         13       2         8    
9           11 14   3     2         x       7 10   5             3             1               14           x       6 15     5     13
                  x         11       15                           9   5         15     15         9                         9      
      13     10         15             6 11     6       8 14               10                               15 9             15        
                                              1                   5       5               12       13         7   7              
15 4                                         2           12 6                                 6     13                   14       15
  8         13               14     2   4           9   4                   4                     15 4                       1 5  
      x   14                   1       15           4                         2     3         14             13     15           3  
4               9 11       3           8                 x                       5       12 1       1 4               10          
                                    x           x                 9                 7 3           4     11           14     3    
                        5                 2                         11     14                         6                   10      
                  9                   11                 x                                       12   x     7       3   x        
                    x 2             2   8                               2   1 7   6   11   6               8   4   5            
                                      15             2                       14                                     x 1          
  11 12         8                 11                             3         1           15   11           11       6 6         1      
                4   1                   x       4                 14     1       5         6   x 5 10     8     2         14      
7                                                 10             6                 x x   x       6     7       14       10        
        12   3                           14         9       8         7                                                 10   10 9  
                12     x   13 x       3       14                                   14       13                     8   x 11         14
  1                           x     8           x     9     7         15               2 5     10     2               5 14        
x 12 8           6   x   3           12       2         3         15                                   5             2 4          
                2   12   12     7               12     13                       4           13       15         12                 2  
    10 5               10   15         13 13 4                       x                                   4             5           9
        14               8     x                             10                 6   12       11     9       8                     15
x               15 9 2   13     2       x     13   x               6               12 10       x                                    
              1     14     1   x                     x 3   x 2 9                                               9                
    8           11                               7   12   3 13 14           10                     5               8   x 13          
    11             10       12   4       13 14 2   11                       12     x                                   4              
  13   9                             4           x         x 7   x                       13 10     7 12     8                 2    
        x   7                   10           1                         14 15           15                                       x  
      x       4   2 11 5                               x                       15         6 11       11         1     6       3    
      13       2     4           11                 x         7             9           2       7   3 12           6           11  
                8   1               6     3     13                     5                                                     3  
                          15                     5         13 13     4                   5                 13 11                    
14 x     8                         11               2   x                   9                 5   1     7                        
                          11         x         3         1 1                       x         11   9       14                      
6   15               9 10       3                   12 15       6             14 14 7 1                               15              
                15         12                               10             9 5     5         10                                   14
                    x                   14   2                                           8                           10          
                            4 x           6                 11         2     x                     x 13     x         4         8
6     13         14 4               4               5     6   3       10           6 3     14             4             7       2  
          6         10     1         10     7     7                         14         15                       x             6    
                                              9 12 14   10     1   8                               15 10     x                      
            12     7 10   7           10 x   4                 7           3                                       13           12  
    10     9                       9           7         13         x                 4   13                                     7
      7     3               13           12   6         7 8     x           3                 2   15     11   7   5 x         9    
  x           x 2           6   x     3 1   15 x       3       8               11       5 3   9                                  
                          9             x         9           9     7         5 x x         9 x     6       3     13           7

--------------------------------------------------------------------------------------------------------------------------------
