        5                     10                                                     x 11         11         x         8          
        3                 4     7 11           15         2         11   5   x         x                     x                   x
4             6         x     x x         12                   12       8     9   2       7 1     10       x                     x
  5     5 x             13           13 2                   x               x x           2 11     x         9             x   14  
  8                 1                       4     10   4   12   3 13             1 2       4     x             12 x           x    
x 5   x           x               10                       9 15 1     13 4                     9   6                     4       3
              2 10     1             1               15   x     10   x     10                                 2   x 15           x  
15 12 12   13     3                     4     5             3   x   4             7   6     4 3 10     3     9   x             4    
        x         5         x   12   12     x                                                                                    
          7                               12               x 9                                                       x     11    
            11         6 4           x           x     5       1                 4     1     7               10 13     13 x x   14  
      3 8 15 15   1   5     8             13               x     x       13       x                             4       15          
8           x   8     15     8 x 5             x   15       6 14                                               1   x   8          
    15           x           x 15       12 12                   13   2     2           14                 14                 13        
      4 12   3   7     14       x       10     15     12 4               15                                   x       12 12   x        
    x                                     4   13                         15                     7           2   15       4        
6                                         2 5       6                         10                       14         2           9  
    x         6 13 8       6     13   2       6                     x                 2                                 8       13
11     3 3       x                                 x x 14       x               x x   12               x   3         11 x          
      x       x       x 15   11   8           9     x       9                               7 x                       7          
11   12 2     5       x     3                           11             10       9   x x     9     9       4 x 1     5              
2       x 10             5                       4 9               15         7 14   10     12         6     8   11           6 12    
                    15 x             2           x     2 5       x 7                   8   5               x   9 14              
          x                     2                       2                                       5     x                        
              13                   13     x   2       7     x   x     12       6       11   12 13         8           x       14     13
          11                             7         x             13     x 2     11                     15         9         x x   x
  7 12       11 14                         x 5   7         6         7 1         3         x         2     5     x     x          
                                  5         x 5     11             x     x           x     6 15       9         1 6              
                      7       7       1                   15       11               3             10       x     1                
                4                   x 11     x                   14   3 3     12 2 2   1   3   11                 8   5           12
    6             13           1       2 9   3               11 x           x       x       4             x       11         1    
                8         14       8   x 4   x                         10     2   x                 7         x     1   11 x      
        7                       8                   14                 x   1   x   1           2                     x       x  
    6         x 13         3         13   10               13               8         x   3     2   x         3 x   14       6     7
    3   2         9 15 3               x                                                         4         14                    
          3         11         6               11     x     2 14           10   1         7 14 3               1   x               x
      9                   15     x                 13     9               14   14         x                 x                   6  
                                    5   6                                           x   5         8 7                         7
  12                                           x   x     5   x x     14           4                 12 7     4 12                  
          7                       6       8   13             x             3   13           x 1     10         7 8 15   10 x        
        2                 14                       7                     x x                             11           9     9    
      10           12 9   x     13   7     13     11             4               8               x         x     5 6     13          
                            15                 x 5     12   3           1               8             4         12                
    14 x     x x     x 5       14       x       7       11                                   11 14       x 3       6         12 x 15  
    x                     10         3 8   10                   13       15       15         3 x       3 10   4                      
  4           12                                           x     9                                               x     6   9 x  
                1 x x           13     x 7   13 12       4 x         5   12       14                                                
  6     6         12 11     8       14             x             6             2                               14       12         3
  5 7         x       7 9 4 8             14                   8 x               15   9 8 11         x         1                 2
                              1               6   15 10         x                   6       14 x               6     11 1          
    6                                 4       1       2     4                 5         8     5 5                   10          
    9           6                       2   7                 9   x   x             15                       x     14 7          
            14       x x 10             5 3                         1   x                 x   7 6   10       5 x                  
                  10             x         14         8                 15 8   x                   4 9 13               10 10 x 10    
                        1 11   1   4                                                     1   x   1         11         x          
                6           7 2       13         x         11                           6   x       2   7     x     8         13  
      x   x     7       3       1           4     4                   8     9               13             x x       x          
x               3 10     3       x       5                                         12 9                         x 1              
      11                         10 5         6       x                       x           14 10     x                       5      
  10                 x           9       9           14           10           10     11     12 8     x     15   x             x     1
5   x 9     9     14     6         13         9       12         2 11                   1                 15 3 x               x 7  
              2               15 8       9                   x     x 8 15       13 15       x                           8 14        
        1         x 13     12 10   11         9   x       x 15       3             8                   5                 x         6
x     9   14                               4           3               4     14 x         10                                     15

--------------------------------------------------------------------------------------------------------------------------------
