    2       x                 12             4     13       9                   6                                                
                            11                                                   5                   8 1 2 x                 12 6
                      12     3   x                   12           x       6   10   3     5 6       x     3   14                    
x             2   4                                   11     3             10           10 5         7     4                 14 9 1
                  1     9                     8                           9           4     x         7 9 10                    
10             15         3 3                           7   3   8       x   10         10 11         6   6                       2  
  7   13     12   1   11         14                   8 1     10     6         13               x             15             10     7  
      2           8                 3 15     6 11           2   5   3                   x   4     6     13                        
      15     11   11 x     12           9             13 7                                     12                                    
            3   7                 12         1           11       2         9   6           4                     x 12         9  
    15   2           1   10       14     12 5   x         6   14                                   12       15   3     1              
  15                   12                           10                 5       7         1                         x              
          4             2           13                   4 14     5   5     15   5   8   9                 8           12          
      x   14                           13         4 10 x                 2       9   15       13                             15      
                                                    5       6     9     15                             2       11             4 8
                          1       15     x               10           7       5                         14                        
  8 7           12 x 8                         11       6       13         x           5                   8                      
    9       14         4           11     7                     9   x 14               1       15 10       x   12         2          
                                              x   7 11   4                 11 9         11                                   10    
        x   14   10 13         x     14         6       1       x           7       6   10     13         7                          
    8   x             4                                             15           13                   x     7   1 14     5        
10                   6     8             13 14             14     x     6                       x                       4   x 9 3  
                  6                         2 x                 15 3                         6               4               10  
    15       3                       5             11             1   9         1                     7         x                
        11   5                 4 1 6   3     x x         11 8 12     5         1   7 13 10 x             1     15 3 14         x      
    7       13 11     13 5   6             11     x     x 11     8 x     5 4       12     5     1   1       x                       x
                              6         x   10   6 2                                   4                                        
7 3     14                 x       10   3           9       x               8       3       13           9     8             11    
      15           12       9         13       5         8           13                                                            
  9                                         x                                       7 7     2 8     11       2                  
        5     2     13     3                 x           10               15 x       6   8   7                 3 1                
13             2               3         9 1             7   3                   x                 13   8   15 x 2 11           14 x
    9                               15           15             x                           x 5                     2 14     x 3  
              13       15 11 5                 12       1           7     12         10       3                                     7
                x   8       x         2       15       9   7   8     14   12                                 9 4     4   1   6    
    11 9   4                           3 4                                               12                                      
    11       8                 14 5                                 12   4     x             8                       3 5     7    
  9                   7             11   6   7             x           4       2     x   4   2             2   8                
  6               14   4   8   x                   4       7         15     6                           5         9   14   13     10
              15     x 5         14 10                 14                   x                           5                          
        4   6               6   x                         2         9                     5         3                       13 9
        11     7                                   9           15                                                 15       10      
10         14       11     9             8           8         11 x           x     11         3 x           13             14     15  
  12                             3                   1                 1 x     2         1 11                                    
      5                         x 9 6   7                     x                   1             10                     8     5  
                12         7       14                 x         2 12             13       14         x   13         3       13        
    x   x                                 8       12   x     1                                                 x               12
              5 14             1                           8                           3               15                        
        10           1     2           2         x 8 10       6     14                 x     8 6                 7               14
        x                                     2   13     4               10 4 12 14       8         5     x     9           1      
                  12 7         1 10 3     4                           x 3                   x                     5   13         11
x   6                     4           12                           13         3 x       11                                   1    
            12                 15               3 1         x                 x     6   15     10         4         4       15      
  14             7 10                                 8                                       13     7       8       9 4          
x 4                       6 9                         7   x       1       x       x                   9 1     x                
          10 12         10                                                                           11       13       13     4      
      11               3                     x x                   x     14                                                      
  8         15   12                     9 3                   7     13                 14               3     12                    
11         13             10                     10     x                             13       2     10 15 7 15           4       15    
          2                                     x           4     2 11                 9                     15         12 13 1   12
  5                             6                   14               2 6   9       6     x                             14   2   12
5                                                                       5     2   8               x 12         1     11   2      
                                  6   x   8 x   2                                                 15   13   x 5                  
    1                       2         3 14 2       15 5                     x     5     14       9     11           12   4          

--------------------------------------------------------------------------------------------------------------------------------
