x         15                     x                     12 15 8     5             x   15     5                 5     3              
          x                                     x   3           10         1   x               9 5         x         7   5      
x         6                               13     5                       14         6         15   x             1     2          
    5                   8           15         x     14       2   10   x   6       3 8                   10                   8    
                  8 5 x                           15             x     8 7 15 12             x   x 1                 1            
    2                         5                     13 10       7   4 11   2       10       8 6       1             1   x       14  
            6         6 5           8                       x   8     7       1         4 x               x 2         x       2
      6 5   2           14 5     12           11             5 4   4   7 x   2       8                       x     11             9
          11       9                     10     13       9           6                             14   x 6       x   13         10  
            13                           x                     3     4       12       12             8                            
  11     4     4 5 7             12 14       6               15             x       x         x             x     x     12       x  
  11     8 x 2     7       7                       x   5           x             15 12                       10             8      
        7 15                 14                       13       6 1       x 10                                                      
  15   x     1                       x 7 3         15     13                       4   1 4                   14           15        
10 x   8                   9   6       8 11           9 4                         4         14     8 7   x             x       5  
  15     14       7                 3             11   10                       x         7         12             2             x  
  14   x   3 x           14       5           x           14               x           1 6     x   4 6               15   11        
  2                 15         x       11                                       x   x   12       9                         x   2  
              2         13               15             x                                   15     15         x x   7              
          x 14 13           x     10     5   6     7       x             14   10 x   5         15                 4       10 6        
    2   5                                           2         13       x             8           7     x             8          
                                  12 x       x 5   x       x                       3   1     4               x     x            
    2                                           10   x                             5         10                                  
1   x           9   x             4                 1   7                   9 x                   9           11       1 12      
x         10 10     7                               2                 13         9 11     6               7           x            
    x           3                 4   13 x       8   4           10 6                     x 9 2     4           11           15    
            12             8             13     x 1           13     3   3 x   12   2   9   12   11       14       6 12   15            
          13     8         13             6                           9                               15     3 x                  
    13         9     10           12     12                     x     11                     8 x                 x 2   x 1          
              x         7 x       15           9               13     9   x           x         1                                
        11       x         10               6   7       12   x                           2                           1            
    11       x 2 11 6   10     9   3   10   x                   12 x                         15   14     12       6 8                  
3       6         4       8 14                     x           x         x     12 x x 15 9     7 x       12             12          
  2     9 6         8         1           x   1           x     12       10   4 14                     x       3 14       10        
    9                               x         6                       14       x   13             x                              
1                           x                                                       10             9     13                      
              x     7     5                       x                 x         5                                 10           6  
          3                 2       3   x               x   15                       7     13     x                 x       6    
      5           13               1               10           x                     5 15 7   x 14 8           9                  
x   6             4           x 3   7     x   12         3             9         x       2     14           8   x                
                      x             x                                 1   2       8       8     x   x   1 13 14             3   13
    x                         6                 3                   13 11   7     11 3   9           x         x                  
4     3 7                         9     2       9 10             12             15 13 6                       12       x       x    
1 14                 x         11             3 12 15 15                             10       9       14     14         11           x  
                      11   3       x               4     7 1       3   x 6       4           11 x                   x            
  7                       4                 1                       3           1     1 x     2   x                     x      
        4 8   9                       3 x               4 2   9     12   4     14             x           3 x   5           4    
          x     4       11               3 8         4       8     10   6 1   15                         14         7   x         10
  x x         9       4           8     x                           7             3           11 14                              
      5                                   x 11         5               15 x                   5 13               9 x   5         x
  14     3     9   2 1                       4             9       7                   9   9                           7        
  x           x               7 11                 x       x         1 1     5                         12     3             15    
8                   3                 10                       4     x                                           15   x          
      x   11 1           13         14     x         x   3           5     13         3         6       3               5          
x                     10     x 13                         x   3   2           13   1   x   10   x       5 13   11             11      
  x                 10       4       1             12       x   8 12     7                   6   14               x     12          
            x   6     2       10             2         x   3                   4     14                 x 11             11        
    15       3   10             2   14       14 x     11 11           13       x         8     x 1     9         x 11 13 12   x   8 4    
                                  13 x               8   4               x         12         x   1                 2 10          
          13                 15             4 x 9           5 13                     11                       12       12       x    
              5 6   12 11                       x                       9     7 x 5     2 x   2       x x       6 5   11 x   14 14  
                  x                 13   2   x 7   6           x         2           x 11   x                         2          
                    x x         9                           12 15     15     x     x 5 x       14   8     14                        
13 4     8                       x   10       13             x x 7   1     7 x           15     x               6               x  

--------------------------------------------------------------------------------------------------------------------------------
