                                      13           14 15   x         15   13     x             13   3                                
9 1   1   x                                                         3   12 2 10       x             2             x       4 3    
3                 x   14               x                 13         4         9                 1 15         7       2            
        x                                           12         1             x 14 13         15               13                 x  
      14             x     x       14               x           5     9   8   6   x         2               6     6              
  x               x     12     11         13       x x                 6                               2     8   2   1            
                    x   4           12 x                               8                 x 3   13     2                 6     3  
              1       8 x               x x       x                               4                   5   x   15                
    x               9     11               4         6             x 13                 2     6   x           8           14 8    
                        1   x   9       11   13 2     x x                     10 x         4                           1   4     x
        1 3     10         3                                             3           9       6         11     6     6       8    
  14         12   8         11 10         14   13                       7             4 9 13 5     1                 12     11 12 x 10 10  
x         10   14   10                 5           x                         x       12   13                     10   5   8       9 3
  1               x 9   5 10     x       15   x       6                         11           7                     14     4        
11   4               8 3 x     1     13                                     14   13   12                 14                       x  
                      12   9         14               x 8               9     2             4               1     7              
                x                 6     1         x           7   x       15   15     2     12   x       x         x   4   x      
                                        4                 x             6         4         2                                  
    11   x 15 7   6           6         8               6         x x             x     7 9   5 1   12                       1    
13   x       6         x     x     4 13       3       12                 x               x                         x   6          
  x   15   7 x   9 10   1       10         4                 15 2     7       x                     x     5 5   2               1  
        15     x     14     1 5                     15 13       x             x               x           2   x           x        
    8                     3 1 x                     6           x         2           1                     8 7         5 2    
            5   9   10     8 x                   5       12   7 x       4                                                 9   x 9
4 x       13   x                       15     11               10                     12 13 14         7   6           2 7   9        
    7   x                                   x                                 8   8       x   4 x     x                   2   3
  5   x                                                                   10     15           7 11 11   14   x                     x
      11 x     2       x 15     8                       3               2       5     13 x         1 x   3           4       x 3 8
    13 6   4                                       14             2   7             15 12 12       8           5 7   x   5 5        
  5     11 6               10         12                       x     x 4                             3             x       13 10   x
        15         12     12     7     8 10 15           14     15                         8                       7     3 14 7        
    12         11 5   13   5     x 5   x       12             3                 7         10 1     14   x 6 8                        
  x 11   3 x           15         11         7                         14   x 12   5     x 7   11       13       13         3   6      
      11           x                       x       5     2       10           12 x                           10                    
          5       9         x   10 11                                           9                 7       x   15                  
      6       x               x       7                                     x                         4 4     10         6      
  x 8                 1                           x 1     8 6   15             x                   x         5         8     2  
              5 6 14   x             6 7                       13   x         1     6   11     x   11 12   12                        
            x   2 x             x                         6   7                 11         x     4                 7            
  14                                                           7   8     2       12 2   9 4                 6 5                  
  1     x   1             9           5                     1     14   15   15           11       10             9       x 14        
                12           x       x           x   x   1                                             x       3   2            
                        x 13     4 8         9     12   13     13   x       x x x   x                   9                 15        
            15   11   3 15     8   15         2 14       7     x   4     14         3                                       x        
              10         2 x 7   4   12         15     13       15 x x 2   15     x 10     1               x                   2      
                        11       9 x                     10     4   3         2   9   3                     14                    
x     7         6   11 x   13   2 14                                                   x                                 7       3
              3 x 8     3   6     x 1               7                 9   15             14 x                                    
10                 9           4                                                     15         x             5     11         9  
          10               5       1         11 5   3                                           13                         9     8
      x             x         6                   x 1             12   11         3               1       14           10     7 1  
              13                         x x                     5                   1   7                 14 4         5 x 7    
                11                 x x 11                 5       8     10 2     10       x                             x     8    
                                              x     x   15 x       9   13 x     10         3     3 5             x 8     11 x     2
                11     8   x   6 10                 13                     14                 12       2                            
    1   4   x                       14       13                   15 9 5 x       14     4                     11   x                
x     14           x 4           4                   x           11               1   8           x 12         7 12     10          
    11   15 2   x 13 x   9   12         x                             x                       12                 15   5         14    
      14   6                 5   x             x                       8                   15           x       10           14    
  4         13     x   8                   2       11 10             13     9 9                 3         8       x         3   10  
        x                     3     x       5             7         x   9   10                     x           x       9     9 3
                                                    x 15 9                                           11 10 x   x 3 12 x   14        
              6         x             3 6   12   4                       12 x         x               6       x   x              
4     7                   8             1       2 x         9             4   12         x       11                              

--------------------------------------------------------------------------------------------------------------------------------
