                                12   8           10       6                                       9           6                 12
      14                 4 2                     13     13                       9   10                 13 14             15          
x 10           6   5 7                                   10       3         x   2   14       8     8                       4      
        x   14                                         10     x                           13 11               9   9     12   2      
2               2     2   5                             5         x                       6                   1     13          
            7         2 12     12     1       7     x           13             2       3       11 3 1         8                   3
              15     6                 9         9             10 5                     6 13                 7                    
  15                       12   8   8       x     x   4   14 11           15     x             x           5 9             13   9    
      x   x     10       x           7     8           x 2           7                 2           2       2     7           9  
                          2               14         12   15             10 8   12                             x                 3  
    15                     6           10               15   x                   3                         4       14 14            
        2     x                 14           12               4 2 9 x             12             8 1       14       3 x            
            15 13   8 9                                               x       13     10             x           1       14   4      
      6               x                 5                 6           x           8               7     5       5         9    
13   x       1         x           14 12                 9 x           13               10     x         12   x             11 15     3
  14                       9 13     x     7                         6                                   x           8            
10                   12               5             10                                         10             9 10                  
    4                                   5         10     14               3                         x             10             1
                15                                         x           4             5           8   7                          
    7     2 6                         6   x         x                 1     12                         2 1                      
                                    15         12               14           5       5       2     2               x 9       4    
                        2           4                                 8           1                                 14          
              x           7   14         3                                                       6               4              
                          15     2 5                                 14               7   1               10                      
    10                                     9       7                     8     x                     4   8         5     7     9
          9           9       3           10           10           15               9                 8           5              
15                     7     x         3 15 1 6   7 1                 14                     9     11                   7         4
  2     13         3                             4   x       10       1                         9                       7        
    10   8           2             11             7   2   1     13                                             7 x 13 2            
      4 x 11                 12 5                       9                                 11                   15         11     13 11
      12           3   14       11           11 10         10         6   13   8   x                                 2 7   x   x      
3     6 1         8 9     15                   3 8     3     11       9                       15       10               15 14        
    13         4             6                   1   x     14     x   6 7 x     14         15                 9 15   11              
  1       12               15   x 15                   12   x 14                             12               4 x           11 2      
            14       15 x     14                       6     7 11       3             x           x     1 5           11            
                2         x   x 1       13           3         13   1                 8                 1 4             7   11    
                                          1       8 3   14 6 12       x         x     10           14     x           11            
              12 3   1         11 x       7               x   x           4     3 10 3 14       6 12     5     4         x       12  
                                              x   1 8       4                               5 5       x             5          
    1 11     2                     6 14       13 13                                     14 13         15                   5 12        
        10     x           x   7         15           13 15         1 9   10                             14           8 15     11      
                          8                             8               4         11     13         1           3       9        
                        12 6 10         12             5 6                                       15                   15 11 x     4  
8             11 x                           15               12   1     3 x   x           9         x   11           2            
9           3 13       2       15         7   8   9                   13 x                                     6   2              
            15     2   6   9       4                                                   x                     6                  
              11                   6                   6       7           14 2   5     1         5       5                 x 3 10
11                       9                             7           9   4 8           13       8         6                        
  11         12             11           3       x 4   5                   1       12   13 11   5 3         3                       7
          x     x                   12       5   13                   12         6   11         10                                  
                                      7                                     10         4       5 5             x             7  
            x x                                     12           4 10                                   x           4   2        
  1         13   5 5   6       x             4                       11         8     13                     9                 8  
9   7                               15       10 4                     1               7   7           11       1   6              
                    3         x             x                   x x 6 x                           14       3       12            
          5       4   11     5       x                                                   15             13     7 4               11
  15   13   14 1       14   14                                                 4 11       9 7                       x                
2 x x       5   4       12         1         10                               2         x 6 1                 12                  
                                                            12   13 2           6   13 6           8     1                        
                  2     x         8                                                                     3   4       4         x
        8     9           11             5 10     15         7 8     3 13       3     12               x         3   3 x            
13   x                       2 12 8   8                                       x         x     10         14   11 15 3     11         1
1       12     5                                             6       15     14               4         3                          
      4 x   7     6 9     5         13         10       3     6                             14                           15 8     4

--------------------------------------------------------------------------------------------------------------------------------
                                12   8           10       6                                       9           6                 12
      14                 4 2                     13     13                       9   10                 13 14             15          
x 10           6   5 7                                   10       3         x   2   14       8     8                       4      
        x   14                                         10     x                           13 11               9   9     12   2      
2               2     2   5                             5         x                       6                   1     13          
            7         2 12     12     1       7     x           13             2       3       11 3 1         8                   3
              15     6                 9         9             10 5                     6 13                 7                    
  15                       12   8   8       x     x   4   14 11           15     x             x           5 9             13   9    
      x   x     10       x           7     8           x 2           7                 2           2       2     7           9  
                          2               14         12   15             10 8   12                             x                 3  
    15                     6           10               15   x                   3                         4       14 14            
        2     x                 14           12               4 2 9 x             12             8 1       14       3 x            
            15 13   8 9                                               x       13     10             x           1       14   4      
      6               x                 5                 6           x           8               7     5       5         9    
13   x       1         x           14 12                 9 x           13               10     x         12   x             11 15     3
  14                       9 13     x     7                         6                                   x           8            
10                   12               5             10                                         10             9 10                  
    4                                   5         10     14               3                         x             10             1
                15                                         x           4             5           8   7                          
    7     2 6                         6   x         x                 1     12                         2 1                      
                                    15         12               14           5       5       2     2               x 9       4    
                        2           4                                 8           1                                 14          
              x           7   14         3                                                       6               4              
                          15     2 5                                 14               7   1               10                      
    10                                     9       7                     8     x                     4   8         5     7     9
          9           9       3           10           10           15               9                 8           5              
15                     7     x         3 15 1 6   7 1                 14                     9     11                   7         4
  2     13         3                             4   x       10       1                         9                       7        
    10   8           2             11             7   2   1     13                                             7 x 13 2            
      4 x 11                 12 5                       9                                 11                   15         11     13 11
      12           3   14       11           11 10         10         6   13   8   x                                 2 7   x   x      
3     6 1         8 9     15                   3 8     3     11       9                       15       10               15 14        
    13         4             6                   1   x     14     x   6 7 x     14         15                 9 15   11              
  1       12               15   x 15                   12   x 14                             12               4 x           11 2      
            14       15 x     14                       6     7 11       3             x           x     1 5           11            
                2         x   x 1       13           3         13   1                 8                 1 4             7   11    
                                          1       8 3   14 6 12       x         x     10           14     x           11            
              12 3   1         11 x       7               x   x           4     3 10 3 14       6 12     5     4         x       12  
                                              x   1 8       4                               5 5       x             5          
    1 11     2                     6 14       13 13                                     14 13         15                   5 12        
        10     x           x   7         15           13 15         1 9   10                             14           8 15     11      
                          8                             8               4         11     13         1           3       9        
                        12 6 10         12             5 6                                       15                   15 11 x     4  
8             11 x                           15               12   1     3 x   x           9         x   11           2            
9           3 13       2       15         7   8   9                   13 x                                     6   2              
            15     2   6   9       4                                                   x                     6                  
              11                   6                   6       7           14 2   5     1         5       5                 x 3 10
11                       9                             7           9   4 8           13       8         6                        
  11         12             11           3       x 4   5                   1       12   13 11   5 3         3                       7
          x     x                   12       5   13                   12         6   11         10                                  
                                      7                                     10         4       5 5             x             7  
            x x                                     12           4 10                                   x           4   2        
  1         13   5 5   6       x             4                       11         8     13                     9                 8  
9   7                               15       10 4                     1               7   7           11       1   6              
                    3         x             x                   x x 6 x                           14       3       12            
          5       4   11     5       x                                                   15             13     7 4               11
  15   13   14 1       14   14                                                 4 11       9 7                       x                
2 x x       5   4       12         1         10                               2         x 6 1                 12                  
                                                            12   13 2           6   13 6           8     1                        
                  2     x         8                                                                     3   4       4         x
        8     9           11             5 10     15         7 8     3 13       3     12               x         3   3 x            
13   x                       2 12 8   8                                       x         x     10         14   11 15 3     11         1
1       12     5                                             6       15     14               4         3                          
      4 x   7     6 9     5         13         10       3     6                             14                           15 8     4

--------------------------------------------------------------------------------------------------------------------------------
