              10           15                       14                   13                 13       5         4       x 5         14
        2   10   x                         7             x         7   10                     12                 x                
          2 12                       x                   9           x 3             11                                         8
          12                         2 11               5 5     13 4                               5   9     8   8   7   5        
  x   13   4                 13     10       12         11                 10 7                                 4                 6  
      6         4 14                           x 14                 12 8         12 10         1     x             1   2 10       x  
11       5   13                     6     8                 2               1 x                             x 6 14   6            
                        8   15   13                                                         1                 14                 x
    x       1     6   3                 14 7 9               13   9                 4       8                                    
    8     15       5       11   1               3           3 3                                               10     3     4      
    6 14             10         x                 1   6         2   1       12     3             9   2       3               7 11  
              9       13 15               x         4   2 11               x                           x               2 4 6     13
    9           1 15 9         8     7         x   x 7             5           4 6                   x       7                  
      15 2     13   5       3               10   2     14   10     15 11       11                 8   14               13                
        2         9     14 7       2                 13   8                   12             x           3 5   7                  
                          x         11                       11             14               13 3                     9 8   1      
    13   x           14                                       6   x   7               8             1     x                      
                  x       6             6         2           9       4       9             1                                  
                            x                 x                   1   10                     2                 15                
                5                                   14             15         x                 11         4   x   x              
                      8 15   8     x               14   2         x             1 4                 14                       8    
                1                             15   4   7   13         x         5         14         11                           x
  2   2               15     11           2                     11                                             x                  
                6               7 12       11   15     8           2         x     4         5               7                    
                      6 3           2       5   11     6               14     1                             3           4   15   14
1         14       x 3         15   2                 7       13         14                     6 9             1 9   x            
                      2     13               7   10                                 8     5   4           15                     7
5 4       12               x   8   8   15       3                   13 3 7                               15         12   7          
    9                   x             x x             6           7     13   10     2         5                           9      
    8 9         13                 5               3     9                               x                         1     10      
        9     1           6 7 8         4 11 4                   13 3                     14             6     1   10     15 7 7    
        10                     11       1 10 11                   15         12         13 5     2 8         9             2         12
              2 9               x   4   x             6           2       x     9     x           9   3 6                      
    7 14     12                     4                                                         14 4                   3   3 5      
        8         x         10       6 13   5     x                   11 15 3                             x                        
      3   10                   8       13                     10                             10   9       12 13         x 7   15      
  5                                             14   8                       x   1   x     4   8   x         2                 3
                          11               13 x     x 2                                 x             10   10   7 x             8  
    13                         2           x x   7 6 4         4                                   12             6   14          
11                               9                             4             11                     6       15                    
  7         9 10                 7     7     15     12 7             9   4 9                     2 15   15                          
        10                   8               4           x     9 x   4         x     2 7     5         4 6                      
                                13       14         x               9   3                                             12          
1 3                         4           x         11 5 12       9                           x x   9     15                        
    13       14                 15     x 9       9                                             5                 5     6   x      
  5       3 x     14   x                                             x       15     5 11   15         6                     10     13
  x               x               11 13             1 10                 6 11                       1             11                
3           5           9           15     7     12             x   1   14               9     11                     1            
    12           5 6 x       3         15                       10       10 12 x                                 3 8 3     2       1
    x     15           14                               3   14             x     11   6 15     1 12                     8         x  
                2         10 5             x           8                                         13             4 2           15  
    5         6     1     4                                   4                                     5     15 13       9          
  11         10             12     12   8                 x           1       x 8   12   x                   11                 12    
                    2 12                                     14             x                           10       2           10 12  
                    12     11   4 1       15                 2             5 15 1 x   x                   8                   5    
                                              15     3             x 3               7 13 12             7           7         6  
11 7   6       12   6                           11 14                   3               x 14 10 12 12                 15   x       11    
x         13           10   12         3         13       1                                   9       11       7         11          
            4             4                             1                               11 6 5 13     2       10     14     8      
                                  7 4                 9         8             4     1           12 12   1                        
    x   x                           x 13 10     12               13       12                                           14            
      8     1   3   3                                     14                           3       6   x                 9 10        
  8                           14                             5                   x 5           6                   1            
                      x           3                               12       5     x 8     14     6       10                        

--------------------------------------------------------------------------------------------------------------------------------
              10           15                       14                   13                 13       5         4       x 5         14
        2   10   x                         7             x         7   10                     12                 x                
          2 12                       x                   9           x 3             11                                         8
          12                         2 11               5 5     13 4                               5   9     8   8   7   5        
  x   13   4                 13     10       12         11                 10 7                                 4                 6  
      6         4 14                           x 14                 12 8         12 10         1     x             1   2 10       x  
11       5   13                     6     8                 2               1 x                             x 6 14   6            
                        8   15   13                                                         1                 14                 x
    x       1     6   3                 14 7 9               13   9                 4       8                                    
    8     15       5       11   1               3           3 3                                               10     3     4      
    6 14             10         x                 1   6         2   1       12     3             9   2       3               7 11  
              9       13 15               x         4   2 11               x                           x               2 4 6     13
    9           1 15 9         8     7         x   x 7             5           4 6                   x       7                  
      15 2     13   5       3               10   2     14   10     15 11       11                 8   14               13                
        2         9     14 7       2                 13   8                   12             x           3 5   7                  
                          x         11                       11             14               13 3                     9 8   1      
    13   x           14                                       6   x   7               8             1     x                      
                  x       6             6         2           9       4       9             1                                  
                            x                 x                   1   10                     2                 15                
                5                                   14             15         x                 11         4   x   x              
                      8 15   8     x               14   2         x             1 4                 14                       8    
                1                             15   4   7   13         x         5         14         11                           x
  2   2               15     11           2                     11                                             x                  
                6               7 12       11   15     8           2         x     4         5               7                    
                      6 3           2       5   11     6               14     1                             3           4   15   14
1         14       x 3         15   2                 7       13         14                     6 9             1 9   x            
                      2     13               7   10                                 8     5   4           15                     7
5 4       12               x   8   8   15       3                   13 3 7                               15         12   7          
    9                   x             x x             6           7     13   10     2         5                           9      
    8 9         13                 5               3     9                               x                         1     10      
        9     1           6 7 8         4 11 4                   13 3                     14             6     1   10     15 7 7    
        10                     11       1 10 11                   15         12         13 5     2 8         9             2         12
              2 9               x   4   x             6           2       x     9     x           9   3 6                      
    7 14     12                     4                                                         14 4                   3   3 5      
        8         x         10       6 13   5     x                   11 15 3                             x                        
      3   10                   8       13                     10                             10   9       12 13         x 7   15      
  5                                             14   8                       x   1   x     4   8   x         2                 3
                          11               13 x     x 2                                 x             10   10   7 x             8  
    13                         2           x x   7 6 4         4                                   12             6   14          
11                               9                             4             11                     6       15                    
  7         9 10                 7     7     15     12 7             9   4 9                     2 15   15                          
        10                   8               4           x     9 x   4         x     2 7     5         4 6                      
                                13       14         x               9   3                                             12          
1 3                         4           x         11 5 12       9                           x x   9     15                        
    13       14                 15     x 9       9                                             5                 5     6   x      
  5       3 x     14   x                                             x       15     5 11   15         6                     10     13
  x               x               11 13             1 10                 6 11                       1             11                
3           5           9           15     7     12             x   1   14               9     11                     1            
    12           5 6 x       3         15                       10       10 12 x                                 3 8 3     2       1
    x     15           14                               3   14             x     11   6 15     1 12                     8         x  
                2         10 5             x           8                                         13             4 2           15  
    5         6     1     4                                   4                                     5     15 13       9          
  11         10             12     12   8                 x           1       x 8   12   x                   11                 12    
                    2 12                                     14             x                           10       2           10 12  
                    12     11   4 1       15                 2             5 15 1 x   x                   8                   5    
                                              15     3             x 3               7 13 12             7           7         6  
11 7   6       12   6                           11 14                   3               x 14 10 12 12                 15   x       11    
x         13           10   12         3         13       1                                   9       11       7         11          
            4             4                             1                               11 6 5 13     2       10     14     8      
                                  7 4                 9         8             4     1           12 12   1                        
    x   x                           x 13 10     12               13       12                                           14            
      8     1   3   3                                     14                           3       6   x                 9 10        
  8                           14                             5                   x 5           6                   1            
                      x           3                               12       5     x 8     14     6       10                        

--------------------------------------------------------------------------------------------------------------------------------
