              4       11     4 15           2           4   9                             12     6 x           10 10 4              
      1 13                 6                         7 x 4   2       9                 8 13                       12     15   3 1 2
        13   10             6                 10                                         6                         3              
9     5       13                     3                         6             12                   1     13                        
  8   2   1       x                 3   10         8 8 6 x   9     12             x   x 5           8     x       4              
                                              10         x                                   12 5                 9              
                14                         x                 x                   1           12                           11      
            15     10             6                                   10 x         8                             11   10            
    9                 9             1                               12 3               5                                        
  12 5               5       15                         x         2         12               8           7         5         15    
8 7                     9     x                             7       1   x       13                 5   x           3     6      
      13     1     7                             4       11             14           6   7 13                       15           14  
x 5     3   5   8   10     14   11           x     13           4                               x           3       9     13     5  
          14     2                                 1 14                             x         2 7         13             7 x      
  3                     3 x           14 7                 x         12                         9   x                           10
    15   x                       14         12   13                   5 7 10                     10                 15                
x       3     6   10 11               2 12   7   6                   9                   1       11           x x   13              
          15       12                               11 11         3 x   1           4 5           4   4     10             8        
            1     1               6               8           1   5           x 2 10       x                   10           13    
    14               12       3 2       12                                 14             11     10       7 1       14                
                  x       15     6                                           9 x   7 9       x                                 6
    x               14   15   1   11       5     3           9       8       7             x           x   x       x 2       13    
7           3       x 12   4                 14                 8                   11       x     x                             x
              7       9     10                             9   5     x           4                         11     x       13      
                              15                   2                 9                   12                   5   1   13 12        
12               8 12 4     x 12                   12           10 x   5     6                             14           15            
3                           x       11                   14   13                                       7   4                      
      13     1     7                         3                     11                     3       x x 12                     4    
                                                  2         x   x         4   7                             2   12     1        
      4     8   x                     4       x   4                     9                             3             9   12      
          x                                                 9       5   13   x     3   1 14 7                   1     13         x
        8                 6             2                               5                 x             15 4               5    
                    1 7   15     9   8 8 x 8         2   1                                             11       2       7        
    7               11           13     6                                       13           15         6     4                   4
x           3   14             9       13 10       14         2           3         x             11     x   9             8   11    
                                  3           10                           2                                               8    
      6   3   11                                           14   4 4   3                             x     8           13          
7                                         11                   8           3   5 14             x   x       1   x               3
      11       9         2   8             10 9 11               5     6 2 x                 3 8     14 x 12   10   9                
  6 14     9 6       4 12   8 10                           8               3       3 15     4 9     13 6                            
                                1                       3   7       x x       8     10   15                                     1
      3               9         x                               13             14           x 14         9   x                    
          10         4                                   14     4         x                             12               15   7    
                          1         14   14                   14     11         11     1       15   9     3       15         x x x 1  
13             4                       10           12                     13             10   5     11                       10   1  
    7         x                       11                   14     1     x   8                                           2   15 x  
x                                                                                   x 4   8               12 9   4           13  
13 9   2           13 1                                     2                   15                     8       3 4 11           6 1
                          11                       7 8                   13 10 14   15 5                       5     7              
          5                   6                     12 10   x         5           12     1             15   x     1         9   5  
                              13           15   2           4                                     9         x         5       1  
2 2           3                               5 8                 2       1                       3       11   x   6            
        2 12     x     15             14 3     8         5   15   x   10   14   11             10               x           4          
        11               x         2       x   2   12                 2                     13                   15       15        
  13     7   8           4         14 3                                           11           7   2           10 12       5       x
      15     5   13       7               x   2                                                   15                 7         5  
    14               6                             15       6     6   11             7               5 7 2           1   14        
                  15           10   4   14     13       12 8             15     6           2         9   x 8     8   3           6  
  15                             x                 12     12                                     6               6 11             6
            x   7       10         1         6                 6 7                   9       14 13               4         15      
                                7   x                 11               11   11       7           x 12                              
  6 6                       15   9       2                 x           14             6             8             4              
                        15 9     8       11       2           4         3   11   x       12 14               6   14   5       10      
  9     x           5       5                 7     2         13                 1               10   15 10               2   5    

--------------------------------------------------------------------------------------------------------------------------------
      10                   6 4             3   10       4 9     9                     8                       10 10 4              
    11 1 13                 6                 3         7 4     2 10                   12   13 6                 4 3 12         3 1  
        13                                                   11 6                     5 6 12                                 15 2  
      5                                             13                                                                          
    8 2 15                                         8 8                                         12 1 13                            
            9                                     15 6 12                                       5 7 8                            
            15 1                                                                 1           12   8                              
              4                                                       12         8 5           3                   11 9          
                    10 9 2   10                                         3 7       6                               11 10            
  9 5               5   9 3 6                                     9 2   12                                     13 5 3            
8 7     14           13       1                     4               10 1                                           7         6    
  5 12 13   1       7                           10   1 4                                                                     14 15 10
            5   15 8 3                           9 6                                       13 13                         13 8      
          3                                                                                 2 7                     13 7   9    
            3 10                   14 14 14 7                         5                           9                         6   5  
              3   12                 2     12                   11 12 7 14                       10                                  
              2 6 11                     12   13                 7     14                         11                                
                                      6 12 7                   14 3 5 1           4 5           4 4                              
              14 1 1                 6 2                         1   9           2 10         10 11 1                              
                7 10                                                             9                                              
                10       15 15                   14 8                               7 7 9 1 15                                      
                          4 1 11             5 3                                       4                         9 15            
                            11               3 11 2                 14                                           5                
  14           7                                                 13 8                                       11 13 14         12 13    
3 12                 12 12                                           13 5                   12               10   5 14 1   13 13 12      
  13             8 12 4 12                                                                 11 11                                   2
3                 7                                                         9         3 10                                     4
1 15                                               5 10                   13 6   3                                                
  8                                           12   2   8                   4 7                                                  
                                                4 4 2                       1 9                           4 2                  
                                                                                                        9 4   1 7 11            
                      11           15   14 2                                                         7 14       15 2   12            
                    1 7           9 8 8   8 10                                                       7 13         13       15 1    
                    11 6           9 3 6 13   1 10 9                                                 15 6 4                 8   10  
                                              9                   5                               14 3                       5  
            11 4                                             2 2 3 11                               6                       11 8  
9     8 7 3 3   14                                             4 4   9           14                         8                   4
7     6     11 6                                               8       3       5 5   15   11 9               1 15                 3
6             14       12     8 15                               14 5   6 2       3   15   12   3 8               9                  
                      4 2 8 1                                     13             3       4   12                                  
                      14             11 10             8 14 3         2 13       3 8       13   11                                    
              9                   11 10 1                 14 7                   14 1                                       10 1    
          10 9 9                   10                         4                                                             7 1  
          3 4 4                                           13 14 1                                                         15 1    
    13                                                                 11 8             10 10 5 15 3                                
    7                                                               12 11                 4 8 9                   15              
9   2 13                                                                         12                         12 12   4       13 2    
  2                                                                         14 15 5 11                         3 4 11         1 6 1
2                         13 6 11                 10 8                           15                       9 15 5   1             5  
                          1 13                     7                                                     15     9                
            5 15                             14 2   12                 13                                         9 7              
          11   3                             8 5 8 12   14 4         2 5                   8 1                       6 5          
        2   12                     15   3     2       5   15       10                         10 9                     12 4          
          8                       2 3   12 12           15           2 11 1                             13                          
      13 7 9         5             14                     8 15         11                             7 3                          
    14             13   7             14 13                 2                                             11             7   5      
  15 6               6   10             6                                                         9 5 7 2       15   1   14 6 5    
    6                 4                                                                   2     15     8       8 3   15     6    
                5                                           6 6             7           9   2 6               6                
                15 15             7 1                         12 6 7 14       6 10             7 14 13 12           6 4 11              
                  15           4 7                               4 14     11 11                                   10                
                            15   9 2             11                       3 11         14             8 15           4              
                          9     8             2 2                                 13   6         10 10           14 5       10      
                            5 10             11 7                                   1 12                                 2 5      

--------------------------------------------------------------------------------------------------------------------------------
