            6               x             1   6   12                     2         8 x     4                   x     12   x      
              10             5     15           x   6       13                         10       10                       11     7    
    12                             7                       3   5               14   8         13 14     12     2                    
        11         13   7     14     13     11 12     x 13 1                     14         4                 x               8        
13 8   4         8           4                         12           13 12     14     15     14 x             1                        
        4 9   3                                           x           x               6 x   13         x 5 7               9    
      14           13                   x     x x       4               7     9                                         11        
                  5     14                   2         11 10                     11 8   10           3               x              
5             11         4 2       x     15               5                 1       14       10           7             7   x      
                    13                 3     15 x   x     9   14                     6                                         15  
  14                                                                         14           4   5     5                   12     12  
        13           1                                         12   x 11       11                 8           1           13        
5     x     4   13   8       1     4                     13     9           10 x       4                   14       6 14     15   14  
15   7       11           9           1                     6                   14   6     14     14                     14 15        
                                                    10     6     8               5     9                                        
        5                         10         15     8   15                             x         x     6                          
            6     4     6       5                           12     5         4 5       x         4   14                         2
            1   13                           11                               15         7                                 2      
                                11   11 13 6     x     1                       9 6   8           5     x                     13    
      8                                                                       12   6     8                                      
  8                             14   8 9 15                 15     1           9       8     6   1                           5   7
    2                                     5     2 9           15   11       x           1   2             8       2              
                          11 13   12                       8   6         x     9         5   6               x 13 x                
13     1             3     x   3         9     4                         14                   13 14                 8   2          
        14                               8     7 x 7   x                   3     1         5   6 6 2         15 15   13            
            3           x         10 4           13 10                       4   11     13     4 x                     14     10      
        12                     10             x     7 10     11                           12       8     3                          
  2     1   9           1                                         9                                       15         14       6  
12               x     3                 10             15       8                               5 6   6                          
              4             2         6           7       2                 10         8   4           6                   12    
  12                         3     14               x         10             13                       7     14                      
  5 13             2           9   13           x       15 5   x     x   8         15               1     4     6   6              
              1     14   8   x                     5           5   14             11           12     4   3                        
    2         7 10           7 x                                             1     12                 1 2                 1      
                                          3             15         11 8     10             x         9   x         x 7 12         15
          2                 3               14           x                   10 10                     1                          
                  13       11           7     15                                       7   8       9 11                            
                  6       11             10           9                 8 2                       6                       1      
                      8                     5                 10       14     10             15           11   2       5 7   4     3
  x   11               6           5                 4                     12   11             13       5                          
  2                       x   14                           4   11   8             9                   5       x 2       15   12    
                1     12 7 11 3         6                                         7               9         3       9            
13           x                         3                             10             1         12   10           3                  
  4 3 2   1                           2                   4                   11         12         12 8 1             x          
        1                                       7                                 4   2 7               14           2 15        
  11               13 10       9 13   8 10                             9         12   2 3 1           x                     13        
              15     10 8     7                   7           2                                 3       3       3   x       6    
    15             7 7               x   7                             2         6         4                                    
          x 11     x x         x                                     9   7           9       5         5     x                  
      12   9 6     x       9 11   15                       13   15               x                     4                            
                    1     6                     9   9         5           14 9           x 3             4                      
      10     14         2   7             12 14         3     1 15         8       15   2       4                 2 x                
    x     5                               10               8     7     11                 5   1 x   x     5                     11
  4         x 9   7 x     1     x                 4       x       4             x             9   8 4       7             x    
                        3   3 x                                 2 x 8                           11     9 9         1           3
    x 1       x                                   9   x             1   12               1     10         12             3       3
        3   14                 8 12                                             10       x   10 7   13       15                      
    x 13     5       15 4     12                                 7 3           3     9           4 6 x 6   7   10 11                
13       2 5         1   3               15       13     3       8     x 15                       x           x   9 4   x          
                  5                         7           15       x         x     10             13       x           11            
          9     3 2   1 15                     3       11     5       2               12 x             9             x            
                                  12   5                     10             x                 x             10           14 8      
  2 x   4   6   15                     x           11       10       x         10       x               15       12 6 11         2    
12             3           12         x           7   3   11       2             12 x                                         14 13 6

--------------------------------------------------------------------------------------------------------------------------------
    4             13                   5   10               6     7                         8   14                           7 7  
  8   6               3 1             15     15     11     14         2       14   10 10 10         14     13     9                      
15                     15   7               7         1                       8       8             4   2                     11 8
          14 4     4                         10     5           1                   14                 12                          
      11     6     5                       4       2   15       10   11       14                                                    
        14           13 14                               13   9   6   12 12                                                          
                13                                         3                                                                    
            5   13 11                                     6           12                                         11                
        13   8                                       4                   10 5         6           6   3         1                
      13       14                                     1               13                 4   14   6   5   7       1                
      12   11   4                                   9                 6 5 15 14           14     13     14   14         15 15            
            8           9       11 13                             4                         5             7                      
                      14                                       12 13                                       14     15                
      11               15     13                                                     12 11                     6   14 15         12 14  
  12 7                         4   1                             5             11                                             13  
              4                 1     2 11                       1               12                 9 6 14                     2  
9           5 9   4               13   8   4                     15             5     13   4       4                             5
          11     1         8         13       9     5                               6     9 6                                    
    13                       8 2                     4   15                     15 4   1                                          
      6                   13                           1                             8     9                   3                
                                          12 13 7       5                             8       12 6 10               8 7 13          
    3 12                                         15                         8           2                 8                      
    2                           6                                       3 11       5       6 1   6         14   5                
                                8           8   6 7                             11       8         2         1 6         15 14    
                                  12         4       3                 10 6     8           15   13                     10 2        
                            5     11             13   11               3                         8 1                              
                          7             10         5     14 15           9   12                           8                        
                      3                 10                             12   4     9                     5     15                  
        3 5 9           10                     9       9 2 9           10     11   12                   2     7   12                
    8                 10                 4 10   5     5               10     1                             10                      
      13   1           14           13       13         8                     10                                                    
    1 2   12               2         4               10                                                       6                  
          13           3 2             1                             9                       7 2             7     14            
                    3           14 10   1     14 7                       15   9 9             7       13         6     7            
                    9                 13   3                                             3         3   15           14            
              5                   7         15 2                     6       6 2             6   1     2                        
            11       8 3           9             10                   11           6   8       4                                  
          11     11       11         7                                   1             12   3             11                        
                11 6         7                   9         14               1 4       5     9 15 7       10 1             12        
    1         5             10                   6       14                       12   15               6                 12        
  3   2         10 8 2 1 11                   8 7       11             8   12 8   12     8       3 15   12       4   11                
3     10                                                           9     1                 12       4       2   3   14     4      
    6                                           7 5                 3 3           10             5       11         2       9    
                    3 14                       4                                   2   8                       1 5              
                  9       12                             2                 9 1       7 2                                        
                      7 1                                 14                                   9 11                              
                                      15 3 3 2           13         14 12                             5 9                          
                                                        13                               5 5                                 11  
4                                                         1     5 13       11   2 12     6                                       2
              4       9 14                                               7   4         3                                        
2     12   13   6       6             3                 4   8       12 12                 9           3                            
5   10       8             9 10     7                   7   15               13           10             4                          
        5                   2   7               15       7   1           7                         4 6 6 1         12           2
  12 1   1 2 10       13 12 7                         15             2       8           10             8             14           6  
                                8 2             15   15     5 3   9                 9                       3       15            
  14 14     2       7 15     1 7   4                 7               2             4                     10 1       6     9 11      
            8   5           5                                     8                                 5       4   9         11    
      15 3   13   15                                               8               4 12               11         5                  
                                                                15             10           15 9             10         3 3   4    
                                                          7       13                             7 9         7     14       10    
3       4               1                             11     12                         3 13 1                         13   2     15
9     2   5 6           15                       10       11 3                     10 14           13   3 10                       8  
                12       9                       3     11         11                           11                                  
                3   1                           15       4       10               7 2       12                             6      

--------------------------------------------------------------------------------------------------------------------------------
