          6     7     8     10                                         15                 x       x   x                         5
                  14     x 1               7 x                           11           2                                          
    6 x         10       2     2   11       10         11                       14 12           2   14         10                   7 x
              x       1   x 5   x   13     5 4                                                                             7   1
  14                     9                     9       12   3                                 10 11 8   10   7             4        
    5                           13                     15 3   2 2     1             13             6   x       10                  
                                                7               15   9 x     5 10         3 13                                 13  
13                   1 11               4                 6                                                   10   7              
                                1               4               4               6 9           3                 x              
                                      15       6 11                     1               2     8       14     3     1   4          
        6                     12 7     x     14       x 14               5     5         6                   12                    
                    11       x                     8       5                           12           8 10   4             5 12 x    
    4 6                         9       14         4               x x       4         6             2                         3
15     15               3       1                   12                         x                     8       5 14 9                
                        x               12             14                           12                           11       10        
          9   7       14 12               10                 3         7                 15 11             12   10 x                  
  11                                 8                                       x       14                       4   4   10 5        
                  6         1   14   x                 11             4     15   10 14           7       8               10          
  15   1                             5     6                           14           12       6 4                 x       1   6    
    1   12           9       9             10       4                   x             11       15     14       15           8       x
      11                   14   2 15   8   9                     13           4         11 13     9   12   6 13   15               12    
                                    9                 8     15         10 10   3                                   x     1        
            4         x       15   13                                       14       2 12   13     4 7 5 11           14   4     5    
x     x               12     9                       15     6       7 9                 8               12                       2
  x                 2           10                               4           12           3 15                                    
            x           2     13                                             x     13             7       9               5     3
9 10         8 1               7   7                 2                                                                          
                      13                                       8             6     5 3     13     x     5       15   11     7      
              14             2     1           13               1   11             x             6       x   9     1       13      
    3   10   13     1     4   3                   x                                     13 9                 3                    
x                                                   x 10             x 14 2 10       1                 2 13           9         13  
                11               13   11   14                   x                               7             8       x            
x                         12           x             3       10         3 15 3         15                                   x   13 2
7           3   2             10             7     2   1                                 1         8   14   13 9 8                
  x             5         8                   2   4                 15       2   7             9         12   1         11        
                8 10                         3                                       8                           6     5   8   x
                        12 2                               10                               12 8 11                                
      3                           6               10 11     5                   14               14   15         15 x             8  
        5     11 13             7 x   8         4   13                           5                                   11       12   13
  8           4 12     3         1   6     x   x           1   7   2         9     10       6                                    
            5                             x   6     14         4 14   5     x 10                   x                             15
  14       13         4         1         5 8       12 7   11       x         3     2       3               9                   13  
              1                 x             4   12   6               8   8 4           4     x 9 15                            
    9       9 11       12                                   12                   11 x                                   6          
    4 7   8 8                 4     3         3       10                 5       x         5     6       x   x           11      
  2             5     x 13             9 5       6   3   5     3 15               9               10   13         13         x      
            9 5             1                         7             9       15     6                 14   7 x 12   3              
  1         13       8   1                           15           9 15                           13               5 x   10          
          x   x             8         x     x                     5                       9                   11       7     x  
    1                                                   11 x           13                         11   4             13       4   9
  x     6                                                   5   2 12 3                     x                                    
                14                                                   x           8     12                 6   3         7   12   8
x                 5                     2                 13                 7       1 11                         x           x  
  x                       8   x 10             1 x   x                     1                   1             10                  
              11   3   4         5 x 15 14       4     6                     2 2         7     x   7       3       15       7      
  x                         15             14 x           7     8                   14 9 6       14           7   11                
  9           x   12 x                                     x   12 3       2           6 15         10 11               10            
        9             9       2                     11 15           x 13     14         2   1         2   x         15              
4     8         14     5 12         14                   2   14     14   x                 6   15         8                         7
                      2 x       6   4       x   12     10     12 2   9                         11             7                    
    1                   2     3           4                               12       15 x                       4 7   12       1    
                2         10       8       x                                           1             15             3   x       3
                          14           6               3             x         3             7 6   x 9     1   4 11 6       11    
        9 7 6 13       2                   11     5   3 5   15       6     8                     13               15 5       x      

--------------------------------------------------------------------------------------------------------------------------------
