6             11               13             6                               9                                 1                
        2   2   x   11 6               12     8     13                     6   1 13     1                     x                    
          1                         12                     10 5         9                     13         12                 2   11  
5   15   15 12   10                                 7     9       12         1         13 3         8       2   4           11       7
    15           4 3                 1 x   5       7           10                                   4 8 11                     11  
              5   9           11     8                                         9   9     15   1     x                         9 7
x 4           7   11   6 12               10           x             11         15       10       7             4         5          
15 11                   9       13   13               5   6     11     x         10               x                   4         8 x  
                  x 12       14 11   x                     7   9   x               12   x                                   x      
x                 8 x             13                 10   13 6                 1 10   1                 8 x       6               4
  7 x       11   9     15         10                         x                                                       7     2     14
  15         7         x   x                     15 10         6               4           12               3                      
10   x                       14       x   9 9                                     9             4   3                     7   10  
          3                     11         15   x     x         x       10                 15                       9           2  
        11     15                         12 10                 1       9         x       5                   5                    
    x         11                                               x 4       6 x                         10   8       2             9
    8   10               5             6             1                                     14             6         7            
  3           5         x     11   13 4                   9 2       10   x   6                                           14       13
      14                                             5               x     12           x 14 8       13   6 11                      
      5         5                       14 x   9   12 4                           2                   13       1           13 7    
          11             7                 3   14     x                         7                 1                              
              1   1         3                                 15         x x             13                                   x  
                9               4     14   8                             2           14             8                 10       3  
  15                       10 2     x       14   8                           2   2         12                   5             5   8
      10                       9 5 x               13       13                             x   4                   4     9 12 13    
  3 13   x             2   1                                 15 5     10     4   2 3       11           6       7       13          
    x       2     x                   2         3   15           9           5       12             8   11       8       3   6    
      7                               11                 8         12     x         8         8         2         x              
                8         9   1 11   8     8             11         4                               8                            
      13       7       13               9       2               3     8     5                 x 1           8                 14  
                                        15                         13               6           14     8                 12        
          7               7 2             11     x         13         x     12 4 2   3         3                   x   7     13   6
  5 14 11                           15         x                                           5         5 4 8                   12    
6                     11     8                                           14 15               1 9 1       6         x   7     8 11  
  15         x                             x                       x                             x                              
2                         9       2     15                             3   x               8                               4   6
                                          4 1 11 9 2             12 2 4     x   3             11       12           7 1       4    
  13                                                     1     14               2         x 15         13                          
    6   x           4 3       3       7   7                           12                     12 4           x               7    
1     12 1   x                 x   2       8 3   14           x       10             8   5   13       5       15                 8  
                      12     7   13       11   10 6           1       7   14         x     1   x                   x                
  11       7       14 12                     10   11     15     12     x         6                                           10        
1 4           10             14     10       2                     x   12 5                 x               9   8               5 13
    3 6   x 15 x       3   6     4         13         4                   2         5 x 9               10       9                
              10               13               2     3                                         14                                
                            3 9                               4               5   6     2     7         x 4 12                  
8                   12       14   4                                 5                     4 14   x   3                     5      
2     7 x           1                                           5           x     10           x 7     6                        
  2                     14               7 5                                                   x                   3 6          
    15 8                           x   15                 15       3   12       13       1                                       3  
3           3         6                                                       14                           x                    
    4 10             x           14                         8                   3     1       4 3         6                   14 1
14                               6               3           8   7 10           7           12           11     4                 7
                  12                 5               10     14         5         1 8                                     14        
          4                           2     2     14     12 14       12         15   13 15         15 1 9                           2  
            1 11       14                             6                 x             x                             15           1
      1   x   x                   2           2           4   8       3         15                 14           3           7    
      13         9                 9   10               5       14       10   2                     12     x       6     6       7  
                                      10                   15     x               4     x           12             x             14
5 4     9         1       6                     4 9       3 13               15 10         x     13 5 13       6           11   15    
        3                       15 3 5         6 13   14             12 14 x       1                   9               14            
    x                       x                             1       5     3                                   2                  
                                    9       x 9 5       x                           10       6 15       7   12         6   7   10  
  10 x x                               11 9                             11       x     15 12   11               15   13         11      

--------------------------------------------------------------------------------------------------------------------------------
