    11             13         x                   2                                 15   10       x     5       1       15     2    
          11       8               11     6 2     8                                       10                                      
  14             12             x 14               15   3       8       13 2     3       x           4           9       10          
  x   10       4           12   x     4               x         9     14       6       2                           5           6  
  x                     12   1             9       12       14             15 3 6   14 1     15 9 12               13   8 6            
                      9 7         3                       8                     15     9                 8   13   5 12            
          7   2                               x 15                                         8 5       9                         x
                10         6     8     15         3         3   12           13                   6   11               15            
  4         x                 9                                   10 9         14   15     10                                      
  9       7                               8                                                                           5     11 5
    11     11   11 8     13 12       10 x   9   13   5   5 4 2         15                   x x                   5 7 7           6 9  
        4                   x                     13     7 1 2 11                             6         3   9 x           14 7    
        x                             14             10           14           11     4       5   5         4                     1
      14 12 4   8             14       9                           5     3           15     11               6       14   10   x     x
15             5   x           2             4                       7               8           x         14             5      
13             2   x           x         8         14     10                 8 x                             x                    
    3       15     15                     11 10 1       2                         10 13 8       x 11         7               15        
5               15   1               x     1           1 5   13       x     1 14     10             14               5              
          5           x             x   4         3     2             x 14 12     15   9         x                     x     2    
2               6               5   9         8     12     6   8                         8       3 4                 10   4 4    
                  x                           1                     10   13                 3   7       9                        
  12                       x         9 7   5 15     2       9 x 12                   11       12       14       8               7    
          7 13       10   12                   5   14 13       13         9       x   x                   12                          
    8         10           13       12       1                     2 x 8     2                                                   5
7                   13 13                   x 4                 9             15               8       2     3     13 9 5         1
  8       x   15                 1       x     3                                 4     2         8           1   12              
10                 x   x   6         11     6         6         3             4                                                  
6               x   x                 2                 11     x                       6   4         13                 1        
    x           11                   13               x             1 14 10                                         15              
            6     15               12   9 4             1     12   7         14         x                 11                       7
x       4         4     13                 x   6                                 3   12   9       9   2 5   10                    
8     3     13                     15                         4 12                 x   15     13   7                   11     11      
      7               9     7         14                         8 x                                   5                 12      
                            6                         7         6 7       2                                 1     x            
            15   1   7 2                 3                                                     x   1 x                   9      
          7                   12                       11 15   8                 4   x   4               12                   2    
12       2   x                     7                   1                             1       12                               10  
            9     3       10     15       13 4   9 11   10   1                     15             1                 14                
                2     15 6     x             x   5               8               14 2     12     8 6 6 13                          
                            7   x 13         10 2   13   6 5                 5   9   8   4     x                 7                
    8         3                 8         4       2           11     13                   3     14               x             14  
                        9               1       2         5 12 2                             3 x     14         10               10
                                                            11                               4     2     1       15              
            9             15 6     x           x 1     2 15           13 2     4                         6               x   x    
    6                                 x     4                   10                   6 8         3       3 14                    
      14             3   11     9           x   x   13       14         x           12           10           8         5           3
  9                 11     x         6   13             4 1   5     15                   5     11         x 10     1           10    
          4               11               6                       11                       6 13                                 4
                            13                               12                       14     7   12                 10 14     3      
                  2 1 13 5                                                         x       3 4                                  
                  10               15             5 1             14   1               5         15                 12     2       12
      3     6 12                         12 7                                                     x       9 11   10   x 7   8 15    
    3     4   2                       x         x 3                         11     x     7                       3 3            
                                                                    3                         3   1           12                
            x   4 11     11             13                   9   7                         1 10                               x    
                                10             6             8 11             x                                           11 8    
  13               6                   14           7     1   x         10 1   4     14                 14                          
x                                       x     9 14     4   x         7     5                       13               3 4   8   5  
                      1           11                             14 7     6                                       3 11         x  
    x           8                               6         x         14                                 11       15     6          
9             7                                       7 x               x 2   x           15     4         12       5   9       12
                      x             7         11     7     x             1                   2                                  
              2   7 9       13 3       3       10 10 13                             x       6     1 6             x 11     5        
            3       5   10       7     x         15           8                         x                           14 12          

--------------------------------------------------------------------------------------------------------------------------------
